15.1081 67.000
15.1248 53.000
15.1415 62.000
15.1582 36.000
15.1749 51.000
15.1916 46.000
15.2083 47.000
15.2250 46.000
15.2417 47.000
15.2584 53.000
15.2752 52.000
15.2919 45.000
15.3086 53.000
15.3253 64.000
15.3420 50.000
15.3587 51.000
15.3754 53.000
15.3921 52.000
15.4088 55.000
15.4255 47.000
15.4422 57.000
15.4590 38.000
15.4757 58.000
15.4924 40.000
15.5091 45.000
15.5258 56.000
15.5425 56.000
15.5592 46.000
15.5759 43.000
15.5926 53.000
15.6093 45.000
15.6261 63.000
15.6428 61.000
15.6595 52.000
15.6762 59.000
15.6929 54.000
15.7096 56.000
15.7263 66.000
15.7430 53.000
15.7597 53.000
15.7764 61.000
15.7931 55.000
15.8099 61.000
15.8266 54.000
15.8433 50.000
15.8600 44.000
15.8767 48.000
15.8934 53.000
15.9101 51.000
15.9268 69.000
15.9435 66.000
15.9602 61.000
15.9769 45.000
15.9937 56.000
16.0104 46.000
16.0271 60.000
16.0438 46.000
16.0605 43.000
16.0772 51.000
16.0939 52.000
16.1106 57.000
16.1273 59.000
16.1440 65.000
16.1607 48.000
16.1775 60.000
16.1942 52.000
16.2109 68.000
16.2276 68.000
16.2443 50.000
16.2610 62.000
16.2777 54.000
16.2944 55.000
16.3111 43.000
16.3278 65.000
16.3445 62.000
16.3613 59.000
16.3780 54.000
16.3947 52.000
16.4114 50.000
16.4281 37.000
16.4448 57.000
16.4615 45.000
16.4782 51.000
16.4949 51.000
16.5116 59.000
16.5283 52.000
16.5451 57.000
16.5618 64.000
16.5785 57.000
16.5952 42.000
16.6119 63.000
16.6286 62.000
16.6453 51.000
16.6620 59.000
16.6787 44.000
16.6954 59.000
16.7121 66.000
16.7288 58.000
16.7456 54.000
16.7623 70.000
16.7790 47.000
16.7957 57.000
16.8124 52.000
16.8291 51.000
16.8458 51.000
16.8625 46.000
16.8792 57.000
16.8959 61.000
16.9126 75.000
16.9294 63.000
16.9461 67.000
16.9628 66.000
16.9795 64.000
16.9962 57.000
17.0129 61.000
17.0296 54.000
17.0463 64.000
17.0630 62.000
17.0797 68.000
17.0964 66.000
17.1132 52.000
17.1299 62.000
17.1466 53.000
17.1633 47.000
17.1800 55.000
17.1967 61.000
17.2134 59.000
17.2301 68.000
17.2468 60.000
17.2635 57.000
17.2802 52.000
17.2970 64.000
17.3137 57.000
17.3304 53.000
17.3471 56.000
17.3638 62.000
17.3805 66.000
17.3972 51.000
17.4139 64.000
17.4306 60.000
17.4473 55.000
17.4640 55.000
17.4808 67.000
17.4975 68.000
17.5142 55.000
17.5309 61.000
17.5476 65.000
17.5643 60.000
17.5810 59.000
17.5977 48.000
17.6144 56.000
17.6311 60.000
17.6478 79.000
17.6646 71.000
17.6813 72.000
17.6980 52.000
17.7147 75.000
17.7314 54.000
17.7481 72.000
17.7648 65.000
17.7815 65.000
17.7982 59.000
17.8149 54.000
17.8316 64.000
17.8483 64.000
17.8651 65.000
17.8818 82.000
17.8985 60.000
17.9152 56.000
17.9319 63.000
17.9486 90.000
17.9653 79.000
17.9820 58.000
17.9987 62.000
18.0154 71.000
18.0321 69.000
18.0489 65.000
18.0656 76.000
18.0823 62.000
18.0990 63.000
18.1157 75.000
18.1324 81.000
18.1491 80.000
18.1658 68.000
18.1825 69.000
18.1992 71.000
18.2159 69.000
18.2327 55.000
18.2494 64.000
18.2661 69.000
18.2828 70.000
18.2995 62.000
18.3162 79.000
18.3329 77.000
18.3496 64.000
18.3663 75.000
18.3830 77.000
18.3997 98.000
18.4164 91.000
18.4332 77.000
18.4499 77.000
18.4666 85.000
18.4833 85.000
18.5000 88.000
18.5167 97.000
18.5334 106.000
18.5501 141.000
18.5668 164.000
18.5835 157.000
18.6002 163.000
18.6170 227.000
18.6337 284.000
18.6504 373.000
18.6671 488.000
18.6838 653.000
18.7005 838.000
18.7172 1128.000
18.7339 1127.000
18.7506 1086.000
18.7673 826.000
18.7840 689.000
18.8007 464.000
18.8175 302.000
18.8342 193.000
18.8509 172.000
18.8676 110.000
18.8843 104.000
18.9010 78.000
18.9177 104.000
18.9344 81.000
18.9511 81.000
18.9678 89.000
18.9845 89.000
19.0013 71.000
19.0180 72.000
19.0347 97.000
19.0514 83.000
19.0681 85.000
19.0848 70.000
19.1015 88.000
19.1182 65.000
19.1349 89.000
19.1516 88.000
19.1683 78.000
19.1850 82.000
19.2018 91.000
19.2185 85.000
19.2352 61.000
19.2519 66.000
19.2686 80.000
19.2853 64.000
19.3020 77.000
19.3187 79.000
19.3354 71.000
19.3521 76.000
19.3688 89.000
19.3856 66.000
19.4023 77.000
19.4190 78.000
19.4357 88.000
19.4524 81.000
19.4691 80.000
19.4858 89.000
19.5025 73.000
19.5192 77.000
19.5359 85.000
19.5526 79.000
19.5693 80.000
19.5861 64.000
19.6028 92.000
19.6195 73.000
19.6362 101.000
19.6529 72.000
19.6696 83.000
19.6863 73.000
19.7030 89.000
19.7197 64.000
19.7364 78.000
19.7531 78.000
19.7699 66.000
19.7866 67.000
19.8033 83.000
19.8200 90.000
19.8367 93.000
19.8534 77.000
19.8701 86.000
19.8868 77.000
19.9035 82.000
19.9202 63.000
19.9369 94.000
19.9536 51.000
19.9704 61.000
19.9871 72.000
20.0038 80.000
20.0205 72.000
20.0372 79.000
20.0539 79.000
20.0706 72.000
20.0873 72.000
20.1040 86.000
20.1207 80.000
20.1374 87.000
20.1541 83.000
20.1709 72.000
20.1876 83.000
20.2043 77.000
20.2210 79.000
20.2377 71.000
20.2544 80.000
20.2711 83.000
20.2878 93.000
20.3045 87.000
20.3212 86.000
20.3379 88.000
20.3547 77.000
20.3714 87.000
20.3881 89.000
20.4048 71.000
20.4215 77.000
20.4382 75.000
20.4549 73.000
20.4716 92.000
20.4883 80.000
20.5050 67.000
20.5217 81.000
20.5384 62.000
20.5552 77.000
20.5719 78.000
20.5886 72.000
20.6053 77.000
20.6220 67.000
20.6387 70.000
20.6554 82.000
20.6721 82.000
20.6888 66.000
20.7055 70.000
20.7222 92.000
20.7389 51.000
20.7557 81.000
20.7724 75.000
20.7891 69.000
20.8058 78.000
20.8225 68.000
20.8392 82.000
20.8559 56.000
20.8726 77.000
20.8893 79.000
20.9060 75.000
20.9227 69.000
20.9394 90.000
20.9562 62.000
20.9729 83.000
20.9896 72.000
21.0063 67.000
21.0230 78.000
21.0397 83.000
21.0564 64.000
21.0731 71.000
21.0898 76.000
21.1065 75.000
21.1232 61.000
21.1399 77.000
21.1567 73.000
21.1734 73.000
21.1901 65.000
21.2068 70.000
21.2235 59.000
21.2402 60.000
21.2569 71.000
21.2736 68.000
21.2903 62.000
21.3070 61.000
21.3237 57.000
21.3404 65.000
21.3572 64.000
21.3739 87.000
21.3906 83.000
21.4073 83.000
21.4240 84.000
21.4407 66.000
21.4574 82.000
21.4741 57.000
21.4908 79.000
21.5075 65.000
21.5242 76.000
21.5409 65.000
21.5577 85.000
21.5744 62.000
21.5911 72.000
21.6078 57.000
21.6245 75.000
21.6412 67.000
21.6579 66.000
21.6746 71.000
21.6913 63.000
21.7080 69.000
21.7247 82.000
21.7414 67.000
21.7582 67.000
21.7749 64.000
21.7916 67.000
21.8083 63.000
21.8250 84.000
21.8417 58.000
21.8584 77.000
21.8751 60.000
21.8918 79.000
21.9085 47.000
21.9252 59.000
21.9419 78.000
21.9587 60.000
21.9754 75.000
21.9921 69.000
22.0088 63.000
22.0255 65.000
22.0422 75.000
22.0589 61.000
22.0756 67.000
22.0923 65.000
22.1090 77.000
22.1257 71.000
22.1424 60.000
22.1592 54.000
22.1759 71.000
22.1926 75.000
22.2093 63.000
22.2260 55.000
22.2427 68.000
22.2594 54.000
22.2761 68.000
22.2928 61.000
22.3095 53.000
22.3262 56.000
22.3429 66.000
22.3597 47.000
22.3764 56.000
22.3931 62.000
22.4098 75.000
22.4265 56.000
22.4432 46.000
22.4599 54.000
22.4766 59.000
22.4933 56.000
22.5100 63.000
22.5267 65.000
22.5434 50.000
22.5602 63.000
22.5769 62.000
22.5936 64.000
22.6103 56.000
22.6270 62.000
22.6437 40.000
22.6604 56.000
22.6771 60.000
22.6938 54.000
22.7105 60.000
22.7272 53.000
22.7439 58.000
22.7607 58.000
22.7774 45.000
22.7941 60.000
22.8108 41.000
22.8275 60.000
22.8442 48.000
22.8609 52.000
22.8776 52.000
22.8943 46.000
22.9110 47.000
22.9277 64.000
22.9444 54.000
22.9612 60.000
22.9779 62.000
22.9946 52.000
23.0113 52.000
23.0280 46.000
23.0447 62.000
23.0614 54.000
23.0781 60.000
23.0948 61.000
23.1115 41.000
23.1282 50.000
23.1449 47.000
23.1616 46.000
23.1784 40.000
23.1951 52.000
23.2118 46.000
23.2285 43.000
23.2452 47.000
23.2619 50.000
23.2786 40.000
23.2953 44.000
23.3120 32.000
23.3287 44.000
23.3454 46.000
23.3621 46.000
23.3789 41.000
23.3956 54.000
23.4123 58.000
23.4290 47.000
23.4457 40.000
23.4624 40.000
23.4791 34.000
23.4958 54.000
23.5125 47.000
23.5292 58.000
23.5459 46.000
23.5626 53.000
23.5794 53.000
23.5961 51.000
23.6128 52.000
23.6295 39.000
23.6462 45.000
23.6629 37.000
23.6796 39.000
23.6963 45.000
23.7130 62.000
23.7297 36.000
23.7464 45.000
23.7631 46.000
23.7798 50.000
23.7966 48.000
23.8133 45.000
23.8300 38.000
23.8467 48.000
23.8634 40.000
23.8801 47.000
23.8968 53.000
23.9135 37.000
23.9302 29.000
23.9469 37.000
23.9636 56.000
23.9803 37.000
23.9971 32.000
24.0138 31.000
24.0305 38.000
24.0472 37.000
24.0639 59.000
24.0806 37.000
24.0973 36.000
24.1140 35.000
24.1307 40.000
24.1474 37.000
24.1641 50.000
24.1808 38.000
24.1975 37.000
24.2143 37.000
24.2310 53.000
24.2477 41.000
24.2644 39.000
24.2811 48.000
24.2978 37.000
24.3145 30.000
24.3312 44.000
24.3479 38.000
24.3646 29.000
24.3813 32.000
24.3980 40.000
24.4148 46.000
24.4315 47.000
24.4482 42.000
24.4649 42.000
24.4816 50.000
24.4983 30.000
24.5150 31.000
24.5317 42.000
24.5484 31.000
24.5651 36.000
24.5818 38.000
24.5985 33.000
24.6152 41.000
24.6320 33.000
24.6487 48.000
24.6654 50.000
24.6821 37.000
24.6988 42.000
24.7155 44.000
24.7322 43.000
24.7489 44.000
24.7656 44.000
24.7823 56.000
24.7990 43.000
24.8157 42.000
24.8325 41.000
24.8492 36.000
24.8659 33.000
24.8826 50.000
24.8993 27.000
24.9160 36.000
24.9327 33.000
24.9494 36.000
24.9661 40.000
24.9828 30.000
24.9995 35.000
25.0162 45.000
25.0329 37.000
25.0497 29.000
25.0664 44.000
25.0831 40.000
25.0998 34.000
25.1165 28.000
25.1332 42.000
25.1499 40.000
25.1666 44.000
25.1833 37.000
25.2000 55.000
25.2167 42.000
25.2334 46.000
25.2501 48.000
25.2669 35.000
25.2836 35.000
25.3003 28.000
25.3170 45.000
25.3337 26.000
25.3504 35.000
25.3671 35.000
25.3838 37.000
25.4005 40.000
25.4172 41.000
25.4339 36.000
25.4506 30.000
25.4674 40.000
25.4841 26.000
25.5008 38.000
25.5175 36.000
25.5342 42.000
25.5509 48.000
25.5676 28.000
25.5843 35.000
25.6010 31.000
25.6177 37.000
25.6344 47.000
25.6511 38.000
25.6678 30.000
25.6846 44.000
25.7013 45.000
25.7180 37.000
25.7347 48.000
25.7514 34.000
25.7681 41.000
25.7848 32.000
25.8015 26.000
25.8182 36.000
25.8349 28.000
25.8516 44.000
25.8683 39.000
25.8850 38.000
25.9018 45.000
25.9185 31.000
25.9352 41.000
25.9519 30.000
25.9686 39.000
25.9853 35.000
26.0020 37.000
26.0187 36.000
26.0354 41.000
26.0521 38.000
26.0688 43.000
26.0855 53.000
26.1022 37.000
26.1190 43.000
26.1357 45.000
26.1524 32.000
26.1691 35.000
26.1858 44.000
26.2025 41.000
26.2192 32.000
26.2359 41.000
26.2526 46.000
26.2693 38.000
26.2860 40.000
26.3027 45.000
26.3194 27.000
26.3362 34.000
26.3529 37.000
26.3696 32.000
26.3863 43.000
26.4030 41.000
26.4197 52.000
26.4364 48.000
26.4531 33.000
26.4698 37.000
26.4865 43.000
26.5032 34.000
26.5199 52.000
26.5366 41.000
26.5534 52.000
26.5701 37.000
26.5868 42.000
26.6035 40.000
26.6202 33.000
26.6369 33.000
26.6536 28.000
26.6703 33.000
26.6870 27.000
26.7037 32.000
26.7204 35.000
26.7371 35.000
26.7538 42.000
26.7706 47.000
26.7873 30.000
26.8040 36.000
26.8207 41.000
26.8374 39.000
26.8541 40.000
26.8708 33.000
26.8875 31.000
26.9042 34.000
26.9209 29.000
26.9376 32.000
26.9543 45.000
26.9710 36.000
26.9878 29.000
27.0045 40.000
27.0212 37.000
27.0379 44.000
27.0546 34.000
27.0713 26.000
27.0880 37.000
27.1047 27.000
27.1214 32.000
27.1381 28.000
27.1548 33.000
27.1715 29.000
27.1882 35.000
27.2050 36.000
27.2217 34.000
27.2384 35.000
27.2551 34.000
27.2718 39.000
27.2885 38.000
27.3052 36.000
27.3219 35.000
27.3386 36.000
27.3553 33.000
27.3720 26.000
27.3887 22.000
27.4054 38.000
27.4222 34.000
27.4389 35.000
27.4556 33.000
27.4723 28.000
27.4890 43.000
27.5057 45.000
27.5224 28.000
27.5391 29.000
27.5558 29.000
27.5725 29.000
27.5892 25.000
27.6059 26.000
27.6226 29.000
27.6393 36.000
27.6561 22.000
27.6728 30.000
27.6895 29.000
27.7062 34.000
27.7229 25.000
27.7396 30.000
27.7563 29.000
27.7730 33.000
27.7897 27.000
27.8064 28.000
27.8231 41.000
27.8398 38.000
27.8565 31.000
27.8733 30.000
27.8900 31.000
27.9067 29.000
27.9234 26.000
27.9401 39.000
27.9568 35.000
27.9735 45.000
27.9902 43.000
28.0069 32.000
28.0236 19.000
28.0403 26.000
28.0570 42.000
28.0737 25.000
28.0905 30.000
28.1072 25.000
28.1239 29.000
28.1406 33.000
28.1573 29.000
28.1740 32.000
28.1907 18.000
28.2074 36.000
28.2241 35.000
28.2408 35.000
28.2575 28.000
28.2742 33.000
28.2909 20.000
28.3076 18.000
28.3244 28.000
28.3411 28.000
28.3578 26.000
28.3745 19.000
28.3912 32.000
28.4079 29.000
28.4246 30.000
28.4413 17.000
28.4580 30.000
28.4747 34.000
28.4914 19.000
28.5081 34.000
28.5248 35.000
28.5416 17.000
28.5583 31.000
28.5750 25.000
28.5917 18.000
28.6084 20.000
28.6251 16.000
28.6418 31.000
28.6585 37.000
28.6752 32.000
28.6919 23.000
28.7086 32.000
28.7253 31.000
28.7420 20.000
28.7588 31.000
28.7755 23.000
28.7922 29.000
28.8089 25.000
28.8256 31.000
28.8423 25.000
28.8590 30.000
28.8757 20.000
28.8924 26.000
28.9091 28.000
28.9258 26.000
28.9425 33.000
28.9592 33.000
28.9759 28.000
28.9927 28.000
29.0094 23.000
29.0261 15.000
29.0428 19.000
29.0595 17.000
29.0762 17.000
29.0929 36.000
29.1096 30.000
29.1263 34.000
29.1430 16.000
29.1597 26.000
29.1764 25.000
29.1931 26.000
29.2098 25.000
29.2266 22.000
29.2433 19.000
29.2600 29.000
29.2767 39.000
29.2934 22.000
29.3101 15.000
29.3268 23.000
29.3435 35.000
29.3602 18.000
29.3769 33.000
29.3936 18.000
29.4103 15.000
29.4270 29.000
29.4438 30.000
29.4605 19.000
29.4772 20.000
29.4939 25.000
29.5106 22.000
29.5273 20.000
29.5440 26.000
29.5607 25.000
29.5774 28.000
29.5941 18.000
29.6108 26.000
29.6275 27.000
29.6442 21.000
29.6609 32.000
29.6777 21.000
29.6944 27.000
29.7111 19.000
29.7278 25.000
29.7445 30.000
29.7612 33.000
29.7779 18.000
29.7946 26.000
29.8113 26.000
29.8280 22.000
29.8447 23.000
29.8614 23.000
29.8781 28.000
29.8948 17.000
29.9116 16.000
29.9283 25.000
29.9450 20.000
29.9617 31.000
29.9784 19.000
29.9951 23.000
30.0118 20.000
30.0285 32.000
30.0452 14.000
30.0619 22.000
30.0786 22.000
30.0953 28.000
30.1120 10.000
30.1287 18.000
30.1455 22.000
30.1622 13.000
30.1789 18.000
30.1956 21.000
30.2123 21.000
30.2290 22.000
30.2457 21.000
30.2624 33.000
30.2791 28.000
30.2958 26.000
30.3125 30.000
30.3292 22.000
30.3459 26.000
30.3626 27.000
30.3794 19.000
30.3961 23.000
30.4128 22.000
30.4295 19.000
30.4462 19.000
30.4629 30.000
30.4796 16.000
30.4963 23.000
30.5130 18.000
30.5297 20.000
30.5464 26.000
30.5631 25.000
30.5798 21.000
30.5965 22.000
30.6133 18.000
30.6300 18.000
30.6467 27.000
30.6634 16.000
30.6801 18.000
30.6968 22.000
30.7135 27.000
30.7302 20.000
30.7469 17.000
30.7636 23.000
30.7803 17.000
30.7970 23.000
30.8137 20.000
30.8304 17.000
30.8472 17.000
30.8639 18.000
30.8806 29.000
30.8973 27.000
30.9140 27.000
30.9307 16.000
30.9474 19.000
30.9641 16.000
30.9808 15.000
30.9975 17.000
31.0142 26.000
31.0309 16.000
31.0476 12.000
31.0643 18.000
31.0811 16.000
31.0978 18.000
31.1145 19.000
31.1312 21.000
31.1479 19.000
31.1646 22.000
31.1813 29.000
31.1980 20.000
31.2147 14.000
31.2314 11.000
31.2481 10.000
31.2648 14.000
31.2815 20.000
31.2982 21.000
31.3150 25.000
31.3317 19.000
31.3484 21.000
31.3651 21.000
31.3818 19.000
31.3985 25.000
31.4152 14.000
31.4319 21.000
31.4486 20.000
31.4653 19.000
31.4820 20.000
31.4987 21.000
31.5154 28.000
31.5321 22.000
31.5489 19.000
31.5656 21.000
31.5823 21.000
31.5990 21.000
31.6157 23.000
31.6324 20.000
31.6491 19.000
31.6658 23.000
31.6825 15.000
31.6992 20.000
31.7159 18.000
31.7326 13.000
31.7493 16.000
31.7660 21.000
31.7828 25.000
31.7995 19.000
31.8162 23.000
31.8329 18.000
31.8496 18.000
31.8663 23.000
31.8830 18.000
31.8997 23.000
31.9164 15.000
31.9331 13.000
31.9498 21.000
31.9665 10.000
31.9832 15.000
31.9999 14.000
32.0166 23.000
32.0334 18.000
32.0501 12.000
32.0668 21.000
32.0835 16.000
32.1002 12.000
32.1169 22.000
32.1336 23.000
32.1503 19.000
32.1670 23.000
32.1837 15.000
32.2004 13.000
32.2171 13.000
32.2338 14.000
32.2505 18.000
32.2673 17.000
32.2840 19.000
32.3007 16.000
32.3174 16.000
32.3341 26.000
32.3508 21.000
32.3675 19.000
32.3842 28.000
32.4009 29.000
32.4176 22.000
32.4343 18.000
32.4510 32.000
32.4677 15.000
32.4844 16.000
32.5012 14.000
32.5179 15.000
32.5346 13.000
32.5513 17.000
32.5680 27.000
32.5847 18.000
32.6014 25.000
32.6181 23.000
32.6348 19.000
32.6515 13.000
32.6682 15.000
32.6849 20.000
32.7016 20.000
32.7183 18.000
32.7350 21.000
32.7518 22.000
32.7685 22.000
32.7852 14.000
32.8019 21.000
32.8186 18.000
32.8353 22.000
32.8520 25.000
32.8687 16.000
32.8854 23.000
32.9021 18.000
32.9188 20.000
32.9355 22.000
32.9522 12.000
32.9689 15.000
32.9856 14.000
33.0024 16.000
33.0191 14.000
33.0358 15.000
33.0525 18.000
33.0692 22.000
33.0859 26.000
33.1026 17.000
33.1193 16.000
33.1360 21.000
33.1527 18.000
33.1694 18.000
33.1861 14.000
33.2028 20.000
33.2195 13.000
33.2363 19.000
33.2530 22.000
33.2697 19.000
33.2864 19.000
33.3031 21.000
33.3198 18.000
33.3365 22.000
33.3532 17.000
33.3699 16.000
33.3866 22.000
33.4033 15.000
33.4200 11.000
33.4367 25.000
33.4534 23.000
33.4701 16.000
33.4869 19.000
33.5036 20.000
33.5203 11.000
33.5370 18.000
33.5537 18.000
33.5704 23.000
33.5871 18.000
33.6038 15.000
33.6205 20.000
33.6372 17.000
33.6539 18.000
33.6706 27.000
33.6873 22.000
33.7040 19.000
33.7207 18.000
33.7375 15.000
33.7542 12.000
33.7709 18.000
33.7876 20.000
33.8043 16.000
33.8210 18.000
33.8377 12.000
33.8544 16.000
33.8711 15.000
33.8878 18.000
33.9045 12.000
33.9212 21.000
33.9379 20.000
33.9546 18.000
33.9713 19.000
33.9881 26.000
34.0048 20.000
34.0215 21.000
34.0382 12.000
34.0549 18.000
34.0716 15.000
34.0883 16.000
34.1050 18.000
34.1217 15.000
34.1384 21.000
34.1551 12.000
34.1718 18.000
34.1885 15.000
34.2052 22.000
34.2219 9.000
34.2387 20.000
34.2554 20.000
34.2721 26.000
34.2888 16.000
34.3055 22.000
34.3222 18.000
34.3389 16.000
34.3556 15.000
34.3723 14.000
34.3890 18.000
34.4057 18.000
34.4224 25.000
34.4391 20.000
34.4558 19.000
34.4725 13.000
34.4893 18.000
34.5060 17.000
34.5227 12.000
34.5394 18.000
34.5561 17.000
34.5728 19.000
34.5895 20.000
34.6062 22.000
34.6229 16.000
34.6396 17.000
34.6563 23.000
34.6730 19.000
34.6897 22.000
34.7064 14.000
34.7231 22.000
34.7399 17.000
34.7566 20.000
34.7733 15.000
34.7900 20.000
34.8067 11.000
34.8234 19.000
34.8401 23.000
34.8568 22.000
34.8735 17.000
34.8902 18.000
34.9069 17.000
34.9236 12.000
34.9403 12.000
34.9570 12.000
34.9737 20.000
34.9905 15.000
35.0072 17.000
35.0239 15.000
35.0406 11.000
35.0573 14.000
35.0740 16.000
35.0907 19.000
35.1074 22.000
35.1241 18.000
35.1408 16.000
35.1575 21.000
35.1742 13.000
35.1909 20.000
35.2076 20.000
35.2243 18.000
35.2411 19.000
35.2578 23.000
35.2745 16.000
35.2912 20.000
35.3079 19.000
35.3246 14.000
35.3413 20.000
35.3580 17.000
35.3747 17.000
35.3914 25.000
35.4081 19.000
35.4248 10.000
35.4415 27.000
35.4582 16.000
35.4749 15.000
35.4917 26.000
35.5084 14.000
35.5251 18.000
35.5418 13.000
35.5585 21.000
35.5752 22.000
35.5919 29.000
35.6086 29.000
35.6253 20.000
35.6420 20.000
35.6587 22.000
35.6754 11.000
35.6921 15.000
35.7088 17.000
35.7255 22.000
35.7422 23.000
35.7590 17.000
35.7757 23.000
35.7924 15.000
35.8091 18.000
35.8258 18.000
35.8425 23.000
35.8592 20.000
35.8759 13.000
35.8926 25.000
35.9093 25.000
35.9260 17.000
35.9427 18.000
35.9594 25.000
35.9761 19.000
35.9928 15.000
36.0096 26.000
36.0263 29.000
36.0430 25.000
36.0597 23.000
36.0764 17.000
36.0931 21.000
36.1098 20.000
36.1265 16.000
36.1432 13.000
36.1599 32.000
36.1766 18.000
36.1933 28.000
36.2100 28.000
36.2267 19.000
36.2434 19.000
36.2601 23.000
36.2769 12.000
36.2936 18.000
36.3103 26.000
36.3270 28.000
36.3437 15.000
36.3604 22.000
36.3771 19.000
36.3938 28.000
36.4105 22.000
36.4272 35.000
36.4439 25.000
36.4606 20.000
36.4773 27.000
36.4940 28.000
36.5107 30.000
36.5274 28.000
36.5442 35.000
36.5609 44.000
36.5776 54.000
36.5943 51.000
36.6110 79.000
36.6277 78.000
36.6444 109.000
36.6611 184.000
36.6778 208.000
36.6945 298.000
36.7112 347.000
36.7279 356.000
36.7446 347.000
36.7613 303.000
36.7780 266.000
36.7948 263.000
36.8115 241.000
36.8282 196.000
36.8449 186.000
36.8616 141.000
36.8783 109.000
36.8950 86.000
36.9117 54.000
36.9284 41.000
36.9451 37.000
36.9618 42.000
36.9785 19.000
36.9952 28.000
37.0119 21.000
37.0286 28.000
37.0453 27.000
37.0621 21.000
37.0788 19.000
37.0955 26.000
37.1122 18.000
37.1289 27.000
37.1456 34.000
37.1623 17.000
37.1790 16.000
37.1957 20.000
37.2124 19.000
37.2291 16.000
37.2458 18.000
37.2625 28.000
37.2792 18.000
37.2959 26.000
37.3126 19.000
37.3294 32.000
37.3461 16.000
37.3628 17.000
37.3795 18.000
37.3962 13.000
37.4129 18.000
37.4296 21.000
37.4463 17.000
37.4630 14.000
37.4797 25.000
37.4964 25.000
37.5131 21.000
37.5298 9.000
37.5465 17.000
37.5632 22.000
37.5799 19.000
37.5967 12.000
37.6134 20.000
37.6301 17.000
37.6468 17.000
37.6635 11.000
37.6802 16.000
37.6969 15.000
37.7136 22.000
37.7303 19.000
37.7470 12.000
37.7637 17.000
37.7804 22.000
37.7971 21.000
37.8138 13.000
37.8305 26.000
37.8472 25.000
37.8640 20.000
37.8807 23.000
37.8974 39.000
37.9141 42.000
37.9308 52.000
37.9475 51.000
37.9642 40.000
37.9809 53.000
37.9976 46.000
38.0143 45.000
38.0310 47.000
38.0477 37.000
38.0644 51.000
38.0811 30.000
38.0978 41.000
38.1145 21.000
38.1313 28.000
38.1480 19.000
38.1647 23.000
38.1814 23.000
38.1981 28.000
38.2148 28.000
38.2315 19.000
38.2482 23.000
38.2649 31.000
38.2816 42.000
38.2983 48.000
38.3150 59.000
38.3317 89.000
38.3484 101.000
38.3651 141.000
38.3818 124.000
38.3985 112.000
38.4153 121.000
38.4320 88.000
38.4487 70.000
38.4654 70.000
38.4821 68.000
38.4988 66.000
38.5155 64.000
38.5322 41.000
38.5489 40.000
38.5656 28.000
38.5823 25.000
38.5990 36.000
38.6157 18.000
38.6324 27.000
38.6491 10.000
38.6658 22.000
38.6826 15.000
38.6993 12.000
38.7160 22.000
38.7327 20.000
38.7494 23.000
38.7661 12.000
38.7828 10.000
38.7995 8.000
38.8162 15.000
38.8329 20.000
38.8496 19.000
38.8663 15.000
38.8830 12.000
38.8997 16.000
38.9164 16.000
38.9331 19.000
38.9499 15.000
38.9666 18.000
38.9833 22.000
39.0000 13.000
39.0167 21.000
39.0334 18.000
39.0501 16.000
39.0668 19.000
39.0835 12.000
39.1002 16.000
39.1169 11.000
39.1336 17.000
39.1503 12.000
39.1670 12.000
39.1837 16.000
39.2004 18.000
39.2171 16.000
39.2339 9.000
39.2506 20.000
39.2673 12.000
39.2840 15.000
39.3007 20.000
39.3174 22.000
39.3341 15.000
39.3508 19.000
39.3675 23.000
39.3842 16.000
39.4009 18.000
39.4176 26.000
39.4343 14.000
39.4510 17.000
39.4677 15.000
39.4844 20.000
39.5011 14.000
39.5179 18.000
39.5346 20.000
39.5513 11.000
39.5680 18.000
39.5847 14.000
39.6014 23.000
39.6181 12.000
39.6348 16.000
39.6515 18.000
39.6682 14.000
39.6849 20.000
39.7016 18.000
39.7183 11.000
39.7350 17.000
39.7517 13.000
39.7684 14.000
39.7852 19.000
39.8019 12.000
39.8186 15.000
39.8353 25.000
39.8520 14.000
39.8687 13.000
39.8854 14.000
39.9021 15.000
39.9188 16.000
39.9355 13.000
39.9522 18.000
39.9689 20.000
39.9856 13.000
40.0023 15.000
40.0190 13.000
40.0357 13.000
40.0524 16.000
40.0692 19.000
40.0859 19.000
40.1026 9.000
40.1193 16.000
40.1360 19.000
40.1527 14.000
40.1694 16.000
40.1861 22.000
40.2028 16.000
40.2195 13.000
40.2362 15.000
40.2529 14.000
40.2696 21.000
40.2863 13.000
40.3030 13.000
40.3197 13.000
40.3364 25.000
40.3532 18.000
40.3699 20.000
40.3866 16.000
40.4033 11.000
40.4200 13.000
40.4367 21.000
40.4534 18.000
40.4701 18.000
40.4868 19.000
40.5035 19.000
40.5202 16.000
40.5369 16.000
40.5536 18.000
40.5703 13.000
40.5870 21.000
40.6037 15.000
40.6204 20.000
40.6372 12.000
40.6539 16.000
40.6706 17.000
40.6873 18.000
40.7040 17.000
40.7207 10.000
40.7374 15.000
40.7541 20.000
40.7708 10.000
40.7875 11.000
40.8042 19.000
40.8209 19.000
40.8376 18.000
40.8543 16.000
40.8710 18.000
40.8877 19.000
40.9044 19.000
40.9212 23.000
40.9379 15.000
40.9546 25.000
40.9713 16.000
40.9880 14.000
41.0047 15.000
41.0214 26.000
41.0381 21.000
41.0548 14.000
41.0715 18.000
41.0882 18.000
41.1049 19.000
41.1216 16.000
41.1383 12.000
41.1550 13.000
41.1717 21.000
41.1884 18.000
41.2051 19.000
41.2219 11.000
41.2386 19.000
41.2553 17.000
41.2720 13.000
41.2887 9.000
41.3054 21.000
41.3221 15.000
41.3388 18.000
41.3555 21.000
41.3722 27.000
41.3889 13.000
41.4056 22.000
41.4223 15.000
41.4390 16.000
41.4557 17.000
41.4724 14.000
41.4891 10.000
41.5059 8.000
41.5226 20.000
41.5393 17.000
41.5560 13.000
41.5727 14.000
41.5894 14.000
41.6061 18.000
41.6228 15.000
41.6395 18.000
41.6562 16.000
41.6729 19.000
41.6896 16.000
41.7063 16.000
41.7230 9.000
41.7397 21.000
41.7564 10.000
41.7731 19.000
41.7898 16.000
41.8066 16.000
41.8233 18.000
41.8400 17.000
41.8567 16.000
41.8734 18.000
41.8901 12.000
41.9068 17.000
41.9235 13.000
41.9402 18.000
41.9569 20.000
41.9736 16.000
41.9903 7.000
42.0070 21.000
42.0237 19.000
42.0404 11.000
42.0571 22.000
42.0738 12.000
42.0906 15.000
42.1073 19.000
42.1240 19.000
42.1407 19.000
42.1574 9.000
42.1741 17.000
42.1908 17.000
42.2075 13.000
42.2242 13.000
42.2409 17.000
42.2576 23.000
42.2743 17.000
42.2910 10.000
42.3077 17.000
42.3244 14.000
42.3411 15.000
42.3578 17.000
42.3745 17.000
42.3913 17.000
42.4080 15.000
42.4247 11.000
42.4414 26.000
42.4581 13.000
42.4748 17.000
42.4915 17.000
42.5082 12.000
42.5249 15.000
42.5416 18.000
42.5583 16.000
42.5750 15.000
42.5917 18.000
42.6084 13.000
42.6251 17.000
42.6418 22.000
42.6585 16.000
42.6752 12.000
42.6920 13.000
42.7087 20.000
42.7254 19.000
42.7421 8.000
42.7588 15.000
42.7755 22.000
42.7922 14.000
42.8089 15.000
42.8256 12.000
42.8423 20.000
42.8590 16.000
42.8757 25.000
42.8924 14.000
42.9091 16.000
42.9258 21.000
42.9425 16.000
42.9592 14.000
42.9759 16.000
42.9927 17.000
43.0094 18.000
43.0261 18.000
43.0428 17.000
43.0595 23.000
43.0762 20.000
43.0929 15.000
43.1096 29.000
43.1263 26.000
43.1430 27.000
43.1597 33.000
43.1764 32.000
43.1931 38.000
43.2098 44.000
43.2265 50.000
43.2432 88.000
43.2599 134.000
43.2766 280.000
43.2934 709.000
43.3101 637.000
43.3268 339.000
43.3435 162.000
43.3602 96.000
43.3769 92.000
43.3936 178.000
43.4103 325.000
43.4270 275.000
43.4437 136.000
43.4604 63.000
43.4771 52.000
43.4938 35.000
43.5105 20.000
43.5272 26.000
43.5439 21.000
43.5606 23.000
43.5773 17.000
43.5941 29.000
43.6108 31.000
43.6275 26.000
43.6442 22.000
43.6609 19.000
43.6776 13.000
43.6943 20.000
43.7110 19.000
43.7277 20.000
43.7444 21.000
43.7611 33.000
43.7778 25.000
43.7945 19.000
43.8112 11.000
43.8279 20.000
43.8446 19.000
43.8613 21.000
43.8780 17.000
43.8947 15.000
43.9115 19.000
43.9282 22.000
43.9449 19.000
43.9616 19.000
43.9783 16.000
43.9950 13.000
44.0117 19.000
44.0284 13.000
44.0451 17.000
44.0618 19.000
44.0785 18.000
44.0952 17.000
44.1119 21.000
44.1286 30.000
44.1453 29.000
44.1620 27.000
44.1787 36.000
44.1954 40.000
44.2122 28.000
44.2289 29.000
44.2456 34.000
44.2623 42.000
44.2790 44.000
44.2957 51.000
44.3124 73.000
44.3291 86.000
44.3458 97.000
44.3625 128.000
44.3792 165.000
44.3959 269.000
44.4126 311.000
44.4293 426.000
44.4460 523.000
44.4627 614.000
44.4794 604.000
44.4961 633.000
44.5128 565.000
44.5296 517.000
44.5463 490.000
44.5630 432.000
44.5797 382.000
44.5964 355.000
44.6131 333.000
44.6298 317.000
44.6465 238.000
44.6632 170.000
44.6799 129.000
44.6966 106.000
44.7133 84.000
44.7300 63.000
44.7467 58.000
44.7634 48.000
44.7801 36.000
44.7968 40.000
44.8135 33.000
44.8303 35.000
44.8470 29.000
44.8637 32.000
44.8804 22.000
44.8971 27.000
44.9138 30.000
44.9305 20.000
44.9472 20.000
44.9639 21.000
44.9806 23.000
44.9973 23.000
45.0140 21.000
45.0307 29.000
45.0474 23.000
45.0641 27.000
45.0808 25.000
45.0975 14.000
45.1142 8.000
45.1309 18.000
45.1477 19.000
45.1644 17.000
45.1811 17.000
45.1978 27.000
45.2145 26.000
45.2312 19.000
45.2479 25.000
45.2646 15.000
45.2813 14.000
45.2980 19.000
45.3147 14.000
45.3314 25.000
45.3481 18.000
45.3648 22.000
45.3815 20.000
45.3982 21.000
45.4149 13.000
45.4316 32.000
45.4483 13.000
45.4651 20.000
45.4818 8.000
45.4985 18.000
45.5152 29.000
45.5319 13.000
45.5486 15.000
45.5653 17.000
45.5820 16.000
45.5987 18.000
45.6154 15.000
45.6321 17.000
45.6488 16.000
45.6655 16.000
45.6822 9.000
45.6989 21.000
45.7156 16.000
45.7323 16.000
45.7490 16.000
45.7657 21.000
45.7824 11.000
45.7992 16.000
45.8159 19.000
45.8326 20.000
45.8493 15.000
45.8660 21.000
45.8827 21.000
45.8994 5.000
45.9161 13.000
45.9328 17.000
45.9495 17.000
45.9662 10.000
45.9829 15.000
45.9996 21.000
46.0163 19.000
46.0330 14.000
46.0497 18.000
46.0664 13.000
46.0831 10.000
46.0998 16.000
46.1166 20.000
46.1333 15.000
46.1500 13.000
46.1667 10.000
46.1834 18.000
46.2001 10.000
46.2168 17.000
46.2335 13.000
46.2502 10.000
46.2669 18.000
46.2836 10.000
46.3003 11.000
46.3170 16.000
46.3337 17.000
46.3504 10.000
46.3671 12.000
46.3838 17.000
46.4005 14.000
46.4172 11.000
46.4340 12.000
46.4507 15.000
46.4674 26.000
46.4841 16.000
46.5008 12.000
46.5175 11.000
46.5342 16.000
46.5509 25.000
46.5676 14.000
46.5843 13.000
46.6010 11.000
46.6177 7.000
46.6344 15.000
46.6511 12.000
46.6678 14.000
46.6845 20.000
46.7012 14.000
46.7179 11.000
46.7346 8.000
46.7513 8.000
46.7681 15.000
46.7848 13.000
46.8015 16.000
46.8182 16.000
46.8349 18.000
46.8516 12.000
46.8683 22.000
46.8850 17.000
46.9017 26.000
46.9184 22.000
46.9351 20.000
46.9518 8.000
46.9685 12.000
46.9852 15.000
47.0019 14.000
47.0186 13.000
47.0353 12.000
47.0520 19.000
47.0687 14.000
47.0854 7.000
47.1022 17.000
47.1189 16.000
47.1356 16.000
47.1523 16.000
47.1690 15.000
47.1857 19.000
47.2024 14.000
47.2191 20.000
47.2358 21.000
47.2525 15.000
47.2692 13.000
47.2859 13.000
47.3026 20.000
47.3193 15.000
47.3360 12.000
47.3527 12.000
47.3694 14.000
47.3861 13.000
47.4028 12.000
47.4195 15.000
47.4363 9.000
47.4530 18.000
47.4697 21.000
47.4864 11.000
47.5031 17.000
47.5198 18.000
47.5365 15.000
47.5532 12.000
47.5699 11.000
47.5866 12.000
47.6033 11.000
47.6200 15.000
47.6367 11.000
47.6534 12.000
47.6701 12.000
47.6868 19.000
47.7035 17.000
47.7202 15.000
47.7369 20.000
47.7536 10.000
47.7704 15.000
47.7871 12.000
47.8038 15.000
47.8205 17.000
47.8372 20.000
47.8539 19.000
47.8706 11.000
47.8873 26.000
47.9040 14.000
47.9207 16.000
47.9374 23.000
47.9541 13.000
47.9708 13.000
47.9875 21.000
48.0042 16.000
48.0209 9.000
48.0376 17.000
48.0543 12.000
48.0710 12.000
48.0877 16.000
48.1045 17.000
48.1212 10.000
48.1379 18.000
48.1546 16.000
48.1713 12.000
48.1880 14.000
48.2047 10.000
48.2214 19.000
48.2381 9.000
48.2548 13.000
48.2715 19.000
48.2882 14.000
48.3049 16.000
48.3216 17.000
48.3383 16.000
48.3550 11.000
48.3717 15.000
48.3884 16.000
48.4051 18.000
48.4218 18.000
48.4385 12.000
48.4553 21.000
48.4720 27.000
48.4887 27.000
48.5054 16.000
48.5221 26.000
48.5388 43.000
48.5555 30.000
48.5722 40.000
48.5889 69.000
48.6056 73.000
48.6223 85.000
48.6390 79.000
48.6557 108.000
48.6724 83.000
48.6891 98.000
48.7058 67.000
48.7225 64.000
48.7392 68.000
48.7559 73.000
48.7726 67.000
48.7893 54.000
48.8061 53.000
48.8228 50.000
48.8395 36.000
48.8562 31.000
48.8729 22.000
48.8896 29.000
48.9063 23.000
48.9230 31.000
48.9397 19.000
48.9564 20.000
48.9731 17.000
48.9898 14.000
49.0065 14.000
49.0232 14.000
49.0399 16.000
49.0566 10.000
49.0733 16.000
49.0900 15.000
49.1067 13.000
49.1234 16.000
49.1401 9.000
49.1569 16.000
49.1736 20.000
49.1903 10.000
49.2070 15.000
49.2237 13.000
49.2404 11.000
49.2571 11.000
49.2738 30.000
49.2905 13.000
49.3072 18.000
49.3239 13.000
49.3406 18.000
49.3573 15.000
49.3740 13.000
49.3907 15.000
49.4074 12.000
49.4241 14.000
49.4408 16.000
49.4575 14.000
49.4742 17.000
49.4909 12.000
49.5077 16.000
49.5244 15.000
49.5411 14.000
49.5578 14.000
49.5745 15.000
49.5912 14.000
49.6079 9.000
49.6246 16.000
49.6413 13.000
49.6580 15.000
49.6747 10.000
49.6914 14.000
49.7081 9.000
49.7248 9.000
49.7415 19.000
49.7582 16.000
49.7749 17.000
49.7916 10.000
49.8083 14.000
49.8250 20.000
49.8417 12.000
49.8585 14.000
49.8752 11.000
49.8919 12.000
49.9086 15.000
49.9253 16.000
49.9420 12.000
49.9587 11.000
49.9754 17.000
49.9921 11.000
50.0088 13.000
50.0255 16.000
50.0422 11.000
50.0589 17.000
50.0756 12.000
50.0923 20.000
50.1090 17.000
50.1257 15.000
50.1424 18.000
50.1591 11.000
50.1758 15.000
50.1925 16.000
50.2093 23.000
50.2260 16.000
50.2427 23.000
50.2594 17.000
50.2761 10.000
50.2928 22.000
50.3095 20.000
50.3262 19.000
50.3429 29.000
50.3596 37.000
50.3763 26.000
50.3930 23.000
50.4097 29.000
50.4264 19.000
50.4431 25.000
50.4598 25.000
50.4765 36.000
50.4932 31.000
50.5099 19.000
50.5266 19.000
50.5433 17.000
50.5600 20.000
50.5768 14.000
50.5935 27.000
50.6102 20.000
50.6269 17.000
50.6436 20.000
50.6603 15.000
50.6770 12.000
50.6937 21.000
50.7104 23.000
50.7271 21.000
50.7438 16.000
50.7605 13.000
50.7772 19.000
50.7939 14.000
50.8106 16.000
50.8273 14.000
50.8440 12.000
50.8607 16.000
50.8774 15.000
50.8941 19.000
50.9108 17.000
50.9275 22.000
50.9443 14.000
50.9610 13.000
50.9777 12.000
50.9944 9.000
51.0111 18.000
51.0278 12.000
51.0445 18.000
51.0612 15.000
51.0779 15.000
51.0946 15.000
51.1113 11.000
51.1280 9.000
51.1447 8.000
51.1614 9.000
51.1781 17.000
51.1948 9.000
51.2115 11.000
51.2282 7.000
51.2449 18.000
51.2616 13.000
51.2783 14.000
51.2950 18.000
51.3118 21.000
51.3285 13.000
51.3452 18.000
51.3619 19.000
51.3786 12.000
51.3953 12.000
51.4120 16.000
51.4287 10.000
51.4454 10.000
51.4621 12.000
51.4788 8.000
51.4955 10.000
51.5122 13.000
51.5289 11.000
51.5456 12.000
51.5623 19.000
51.5790 16.000
51.5957 17.000
51.6124 15.000
51.6291 18.000
51.6458 12.000
51.6625 6.000
51.6793 16.000
51.6960 10.000
51.7127 10.000
51.7294 15.000
51.7461 13.000
51.7628 9.000
51.7795 25.000
51.7962 16.000
51.8129 9.000
51.8296 15.000
51.8463 11.000
51.8630 14.000
51.8797 13.000
51.8964 19.000
51.9131 16.000
51.9298 18.000
51.9465 9.000
51.9632 20.000
51.9799 15.000
51.9966 8.000
52.0133 16.000
52.0300 16.000
52.0467 7.000
52.0635 15.000
52.0802 18.000
52.0969 11.000
52.1136 14.000
52.1303 17.000
52.1470 19.000
52.1637 10.000
52.1804 13.000
52.1971 17.000
52.2138 10.000
52.2305 13.000
52.2472 9.000
52.2639 9.000
52.2806 10.000
52.2973 12.000
52.3140 17.000
52.3307 10.000
52.3474 9.000
52.3641 10.000
52.3808 13.000
52.3975 15.000
52.4142 7.000
52.4309 20.000
52.4477 13.000
52.4644 17.000
52.4811 10.000
52.4978 15.000
52.5145 9.000
52.5312 11.000
52.5479 18.000
52.5646 19.000
52.5813 21.000
52.5980 11.000
52.6147 11.000
52.6314 9.000
52.6481 15.000
52.6648 19.000
52.6815 13.000
52.6982 12.000
52.7149 16.000
52.7316 19.000
52.7483 14.000
52.7650 16.000
52.7817 17.000
52.7984 12.000
52.8151 16.000
52.8319 9.000
52.8486 17.000
52.8653 14.000
52.8820 13.000
52.8987 8.000
52.9154 13.000
52.9321 15.000
52.9488 11.000
52.9655 16.000
52.9822 19.000
52.9989 20.000
53.0156 12.000
53.0323 10.000
53.0490 11.000
53.0657 15.000
53.0824 13.000
53.0991 15.000
53.1158 14.000
53.1325 11.000
53.1492 13.000
53.1659 9.000
53.1826 9.000
53.1993 13.000
53.2161 13.000
53.2328 15.000
53.2495 12.000
53.2662 12.000
53.2829 14.000
53.2996 13.000
53.3163 26.000
53.3330 8.000
53.3497 8.000
53.3664 16.000
53.3831 17.000
53.3998 19.000
53.4165 11.000
53.4332 16.000
53.4499 12.000
53.4666 14.000
53.4833 14.000
53.5000 12.000
53.5167 16.000
53.5334 14.000
53.5501 11.000
53.5668 10.000
53.5835 10.000
53.6002 14.000
53.6170 13.000
53.6337 12.000
53.6504 13.000
53.6671 13.000
53.6838 11.000
53.7005 15.000
53.7172 9.000
53.7339 13.000
53.7506 12.000
53.7673 22.000
53.7840 17.000
53.8007 14.000
53.8174 8.000
53.8341 20.000
53.8508 14.000
53.8675 17.000
53.8842 17.000
53.9009 11.000
53.9176 12.000
53.9343 29.000
53.9510 8.000
53.9677 14.000
53.9844 13.000
54.0011 12.000
54.0179 10.000
54.0346 15.000
54.0513 14.000
54.0680 19.000
54.0847 12.000
54.1014 16.000
54.1181 12.000
54.1348 14.000
54.1515 10.000
54.1682 16.000
54.1849 11.000
54.2016 15.000
54.2183 12.000
54.2350 12.000
54.2517 14.000
54.2684 12.000
54.2851 16.000
54.3018 11.000
54.3185 8.000
54.3352 13.000
54.3519 16.000
54.3686 12.000
54.3853 11.000
54.4020 17.000
54.4188 12.000
54.4355 13.000
54.4522 15.000
54.4689 14.000
54.4856 18.000
54.5023 16.000
54.5190 26.000
54.5357 10.000
54.5524 10.000
54.5691 15.000
54.5858 12.000
54.6025 10.000
54.6192 17.000
54.6359 9.000
54.6526 17.000
54.6693 15.000
54.6860 10.000
54.7027 12.000
54.7194 11.000
54.7361 17.000
54.7528 10.000
54.7695 14.000
54.7862 13.000
54.8029 17.000
54.8197 17.000
54.8364 17.000
54.8531 10.000
54.8698 12.000
54.8865 11.000
54.9032 17.000
54.9199 10.000
54.9366 13.000
54.9533 17.000
54.9700 13.000
54.9867 11.000
55.0034 8.000
55.0201 17.000
55.0368 14.000
55.0535 11.000
55.0702 13.000
55.0869 10.000
55.1036 13.000
55.1203 15.000
55.1370 8.000
55.1537 16.000
55.1704 12.000
55.1871 16.000
55.2038 15.000
55.2205 5.000
55.2373 8.000
55.2540 11.000
55.2707 13.000
55.2874 12.000
55.3041 12.000
55.3208 12.000
55.3375 13.000
55.3542 11.000
55.3709 9.000
55.3876 11.000
55.4043 18.000
55.4210 8.000
55.4377 13.000
55.4544 17.000
55.4711 12.000
55.4878 17.000
55.5045 13.000
55.5212 18.000
55.5379 15.000
55.5546 11.000
55.5713 13.000
55.5880 14.000
55.6047 12.000
55.6214 18.000
55.6381 15.000
55.6549 6.000
55.6716 9.000
55.6883 14.000
55.7050 13.000
55.7217 16.000
55.7384 20.000
55.7551 19.000
55.7718 16.000
55.7885 12.000
55.8052 13.000
55.8219 13.000
55.8386 15.000
55.8553 17.000
55.8720 11.000
55.8887 21.000
55.9054 14.000
55.9221 10.000
55.9388 17.000
55.9555 11.000
55.9722 15.000
55.9889 14.000
56.0056 9.000
56.0223 15.000
56.0390 14.000
56.0557 17.000
56.0725 8.000
56.0892 16.000
56.1059 21.000
56.1226 10.000
56.1393 12.000
56.1560 18.000
56.1727 10.000
56.1894 15.000
56.2061 10.000
56.2228 11.000
56.2395 17.000
56.2562 12.000
56.2729 12.000
56.2896 21.000
56.3063 12.000
56.3230 13.000
56.3397 17.000
56.3564 15.000
56.3731 10.000
56.3898 11.000
56.4065 14.000
56.4232 13.000
56.4399 22.000
56.4566 10.000
56.4733 7.000
56.4900 16.000
56.5068 18.000
56.5235 15.000
56.5402 19.000
56.5569 12.000
56.5736 17.000
56.5903 17.000
56.6070 12.000
56.6237 9.000
56.6404 11.000
56.6571 20.000
56.6738 11.000
56.6905 19.000
56.7072 11.000
56.7239 13.000
56.7406 10.000
56.7573 12.000
56.7740 12.000
56.7907 13.000
56.8074 11.000
56.8241 17.000
56.8408 8.000
56.8575 15.000
56.8742 9.000
56.8909 14.000
56.9076 9.000
56.9243 25.000
56.9411 19.000
56.9578 9.000
56.9745 19.000
56.9912 14.000
57.0079 17.000
57.0246 14.000
57.0413 10.000
57.0580 17.000
57.0747 10.000
57.0914 8.000
57.1081 14.000
57.1248 13.000
57.1415 12.000
57.1582 14.000
57.1749 14.000
57.1916 13.000
57.2083 19.000
57.2250 15.000
57.2417 11.000
57.2584 9.000
57.2751 17.000
57.2918 16.000
57.3085 16.000
57.3252 10.000
57.3419 16.000
57.3586 14.000
57.3753 11.000
57.3921 13.000
57.4088 10.000
57.4255 11.000
57.4422 19.000
57.4589 10.000
57.4756 8.000
57.4923 14.000
57.5090 20.000
57.5257 15.000
57.5424 15.000
57.5591 13.000
57.5758 8.000
57.5925 17.000
57.6092 14.000
57.6259 6.000
57.6426 13.000
57.6593 11.000
57.6760 7.000
57.6927 18.000
57.7094 17.000
57.7261 12.000
57.7428 16.000
57.7595 22.000
57.7762 11.000
57.7929 12.000
57.8096 11.000
57.8264 13.000
57.8431 12.000
57.8598 15.000
57.8765 14.000
57.8932 16.000
57.9099 12.000
57.9266 19.000
57.9433 16.000
57.9600 19.000
57.9767 12.000
57.9934 10.000
58.0101 14.000
58.0268 13.000
58.0435 16.000
58.0602 13.000
58.0769 7.000
58.0936 12.000
58.1103 13.000
58.1270 18.000
58.1437 18.000
58.1604 17.000
58.1771 18.000
58.1938 15.000
58.2105 14.000
58.2272 14.000
58.2439 15.000
58.2606 10.000
58.2773 18.000
58.2941 12.000
58.3108 16.000
58.3275 26.000
58.3442 20.000
58.3609 29.000
58.3776 29.000
58.3943 25.000
58.4110 22.000
58.4277 26.000
58.4444 18.000
58.4611 20.000
58.4778 25.000
58.4945 21.000
58.5112 33.000
58.5279 32.000
58.5446 33.000
58.5613 50.000
58.5780 48.000
58.5947 48.000
58.6114 71.000
58.6281 76.000
58.6448 68.000
58.6615 103.000
58.6782 79.000
58.6949 84.000
58.7116 77.000
58.7283 90.000
58.7451 70.000
58.7618 80.000
58.7785 54.000
58.7952 67.000
58.8119 44.000
58.8286 53.000
58.8453 51.000
58.8620 42.000
58.8787 48.000
58.8954 33.000
58.9121 30.000
58.9288 28.000
58.9455 34.000
58.9622 31.000
58.9789 30.000
58.9956 16.000
59.0123 22.000
59.0290 15.000
59.0457 26.000
59.0624 15.000
59.0791 13.000
59.0958 20.000
59.1125 12.000
59.1292 12.000
59.1459 23.000
59.1626 9.000
59.1793 22.000
59.1960 21.000
59.2128 10.000
59.2295 10.000
59.2462 16.000
59.2629 18.000
59.2796 11.000
59.2963 15.000
59.3130 20.000
59.3297 20.000
59.3464 10.000
59.3631 15.000
59.3798 19.000
59.3965 19.000
59.4132 8.000
59.4299 22.000
59.4466 13.000
59.4633 9.000
59.4800 11.000
59.4967 17.000
59.5134 10.000
59.5301 18.000
59.5468 15.000
59.5635 12.000
59.5802 12.000
59.5969 10.000
59.6136 17.000
59.6303 12.000
59.6470 16.000
59.6637 16.000
59.6804 13.000
59.6972 8.000
59.7139 17.000
59.7306 8.000
59.7473 28.000
59.7640 13.000
59.7807 19.000
59.7974 16.000
59.8141 9.000
59.8308 8.000
59.8475 15.000
59.8642 14.000
59.8809 13.000
59.8976 14.000
59.9143 20.000
59.9310 16.000
59.9477 10.000
59.9644 15.000
59.9811 11.000
59.9978 6.000
60.0145 22.000
60.0312 10.000
60.0479 10.000
60.0646 8.000
60.0813 10.000
60.0980 17.000
60.1147 16.000
60.1314 11.000
60.1481 7.000
60.1648 17.000
60.1816 5.000
60.1983 16.000
60.2150 13.000
60.2317 11.000
60.2484 15.000
60.2651 14.000
60.2818 10.000
60.2985 14.000
60.3152 10.000
60.3319 9.000
60.3486 10.000
60.3653 17.000
60.3820 13.000
60.3987 15.000
60.4154 14.000
60.4321 10.000
60.4488 21.000
60.4655 12.000
60.4822 10.000
60.4989 21.000
60.5156 17.000
60.5323 11.000
60.5490 16.000
60.5657 13.000
60.5824 15.000
60.5991 10.000
60.6158 12.000
60.6325 17.000
60.6492 16.000
60.6660 10.000
60.6827 13.000
60.6994 9.000
60.7161 16.000
60.7328 16.000
60.7495 14.000
60.7662 13.000
60.7829 6.000
60.7996 14.000
60.8163 10.000
60.8330 8.000
60.8497 15.000
60.8664 11.000
60.8831 9.000
60.8998 12.000
60.9165 7.000
60.9332 10.000
60.9499 10.000
60.9666 17.000
60.9833 11.000
61.0000 10.000
61.0167 14.000
61.0334 14.000
61.0501 14.000
61.0668 16.000
61.0835 8.000
61.1002 15.000
61.1169 14.000
61.1336 3.000
61.1503 17.000
61.1671 10.000
61.1838 12.000
61.2005 23.000
61.2172 8.000
61.2339 12.000
61.2506 9.000
61.2673 10.000
61.2840 19.000
61.3007 11.000
61.3174 14.000
61.3341 8.000
61.3508 12.000
61.3675 12.000
61.3842 12.000
61.4009 14.000
61.4176 8.000
61.4343 22.000
61.4510 13.000
61.4677 15.000
61.4844 14.000
61.5011 16.000
61.5178 16.000
61.5345 7.000
61.5512 13.000
61.5679 12.000
61.5846 13.000
61.6013 17.000
61.6180 14.000
61.6347 13.000
61.6514 10.000
61.6682 25.000
61.6849 10.000
61.7016 11.000
61.7183 13.000
61.7350 11.000
61.7517 14.000
61.7684 12.000
61.7851 9.000
61.8018 8.000
61.8185 10.000
61.8352 8.000
61.8519 11.000
61.8686 13.000
61.8853 11.000
61.9020 11.000
61.9187 10.000
61.9354 5.000
61.9521 10.000
61.9688 10.000
61.9855 14.000
62.0022 8.000
62.0189 11.000
62.0356 14.000
62.0523 14.000
62.0690 13.000
62.0857 14.000
62.1024 19.000
62.1191 15.000
62.1358 11.000
62.1525 8.000
62.1692 8.000
62.1860 12.000
62.2027 20.000
62.2194 6.000
62.2361 10.000
62.2528 8.000
62.2695 10.000
62.2862 15.000
62.3029 16.000
62.3196 19.000
62.3363 17.000
62.3530 14.000
62.3697 12.000
62.3864 16.000
62.4031 10.000
62.4198 9.000
62.4365 21.000
62.4532 15.000
62.4699 9.000
62.4866 13.000
62.5033 15.000
62.5200 14.000
62.5367 18.000
62.5534 11.000
62.5701 13.000
62.5868 14.000
62.6035 12.000
62.6202 14.000
62.6369 8.000
62.6536 11.000
62.6703 11.000
62.6870 12.000
62.7037 9.000
62.7205 10.000
62.7372 8.000
62.7539 13.000
62.7706 15.000
62.7873 10.000
62.8040 16.000
62.8207 15.000
62.8374 13.000
62.8541 17.000
62.8708 20.000
62.8875 16.000
62.9042 13.000
62.9209 11.000
62.9376 17.000
62.9543 16.000
62.9710 12.000
62.9877 12.000
63.0044 16.000
63.0211 15.000
63.0378 11.000
63.0545 13.000
63.0712 10.000
63.0879 11.000
63.1046 15.000
63.1213 20.000
63.1380 8.000
63.1547 16.000
63.1714 14.000
63.1881 12.000
63.2048 11.000
63.2215 12.000
63.2382 16.000
63.2550 14.000
63.2717 11.000
63.2884 15.000
63.3051 15.000
63.3218 10.000
63.3385 11.000
63.3552 13.000
63.3719 18.000
63.3886 18.000
63.4053 12.000
63.4220 12.000
63.4387 14.000
63.4554 16.000
63.4721 19.000
63.4888 14.000
63.5055 10.000
63.5222 13.000
63.5389 17.000
63.5556 9.000
63.5723 15.000
63.5890 21.000
63.6057 13.000
63.6224 12.000
63.6391 14.000
63.6558 10.000
63.6725 18.000
63.6892 13.000
63.7059 15.000
63.7226 8.000
63.7393 18.000
63.7560 13.000
63.7727 14.000
63.7894 19.000
63.8062 18.000
63.8229 13.000
63.8396 13.000
63.8563 12.000
63.8730 12.000
63.8897 13.000
63.9064 10.000
63.9231 17.000
63.9398 13.000
63.9565 11.000
63.9732 13.000
63.9899 16.000
64.0066 16.000
64.0233 15.000
64.0400 22.000
64.0567 27.000
64.0734 14.000
64.0901 20.000
64.1068 30.000
64.1235 16.000
64.1402 27.000
64.1569 31.000
64.1736 19.000
64.1903 19.000
64.2070 30.000
64.2237 29.000
64.2404 43.000
64.2571 27.000
64.2738 40.000
64.2905 40.000
64.3072 62.000
64.3239 76.000
64.3406 80.000
64.3573 103.000
64.3741 104.000
64.3908 114.000
64.4075 111.000
64.4242 129.000
64.4409 102.000
64.4576 102.000
64.4743 110.000
64.4910 75.000
64.5077 82.000
64.5244 94.000
64.5411 84.000
64.5578 86.000
64.5745 92.000
64.5912 92.000
64.6079 79.000
64.6246 68.000
64.6413 59.000
64.6580 51.000
64.6747 51.000
64.6914 32.000
64.7081 36.000
64.7248 22.000
64.7415 35.000
64.7582 25.000
64.7749 36.000
64.7916 34.000
64.8083 35.000
64.8250 38.000
64.8417 32.000
64.8584 46.000
64.8751 47.000
64.8918 69.000
64.9085 61.000
64.9252 89.000
64.9419 92.000
64.9587 124.000
64.9754 129.000
64.9921 132.000
65.0088 108.000
65.0255 124.000
65.0422 116.000
65.0589 100.000
65.0756 104.000
65.0923 93.000
65.1090 72.000
65.1257 88.000
65.1424 95.000
65.1591 88.000
65.1758 84.000
65.1925 75.000
65.2092 71.000
65.2259 70.000
65.2426 53.000
65.2593 48.000
65.2760 48.000
65.2927 26.000
65.3094 22.000
65.3261 22.000
65.3428 35.000
65.3595 21.000
65.3762 14.000
65.3929 22.000
65.4096 17.000
65.4263 15.000
65.4430 28.000
65.4597 14.000
65.4764 19.000
65.4931 17.000
65.5098 14.000
65.5265 20.000
65.5433 20.000
65.5600 21.000
65.5767 15.000
65.5934 19.000
65.6101 15.000
65.6268 13.000
65.6435 12.000
65.6602 12.000
65.6769 15.000
65.6936 11.000
65.7103 21.000
65.7270 18.000
65.7437 18.000
65.7604 11.000
65.7771 17.000
65.7938 17.000
65.8105 11.000
65.8272 8.000
65.8439 13.000
65.8606 11.000
65.8773 8.000
65.8940 10.000
65.9107 12.000
65.9274 13.000
65.9441 15.000
65.9608 14.000
65.9775 14.000
65.9942 12.000
66.0109 9.000
66.0276 15.000
66.0443 14.000
66.0610 18.000
66.0777 13.000
66.0944 11.000
66.1111 16.000
66.1278 14.000
66.1446 14.000
66.1613 13.000
66.1780 7.000
66.1947 14.000
66.2114 16.000
66.2281 14.000
66.2448 8.000
66.2615 11.000
66.2782 10.000
66.2949 8.000
66.3116 9.000
66.3283 15.000
66.3450 13.000
66.3617 12.000
66.3784 8.000
66.3951 15.000
66.4118 8.000
66.4285 15.000
66.4452 12.000
66.4619 15.000
66.4786 8.000
66.4953 14.000
66.5120 10.000
66.5287 13.000
66.5454 13.000
66.5621 11.000
66.5788 13.000
66.5955 14.000
66.6122 16.000
66.6289 13.000
66.6456 12.000
66.6623 9.000
66.6790 13.000
66.6957 14.000
66.7124 19.000
66.7291 27.000
66.7458 14.000
66.7626 19.000
66.7793 9.000
66.7960 12.000
66.8127 13.000
66.8294 18.000
66.8461 11.000
66.8628 16.000
66.8795 12.000
66.8962 12.000
66.9129 13.000
66.9296 10.000
66.9463 11.000
66.9630 11.000
66.9797 11.000
66.9964 19.000
67.0131 11.000
67.0298 9.000
67.0465 14.000
67.0632 15.000
67.0799 9.000
67.0966 11.000
67.1133 9.000
67.1300 12.000
67.1467 16.000
67.1634 17.000
67.1801 12.000
67.1968 13.000
67.2135 9.000
67.2302 16.000
67.2469 14.000
67.2636 16.000
67.2803 16.000
67.2970 16.000
67.3137 9.000
67.3304 12.000
67.3471 21.000
67.3638 6.000
67.3805 15.000
67.3973 8.000
67.4140 15.000
67.4307 15.000
67.4474 9.000
67.4641 15.000
67.4808 13.000
67.4975 8.000
67.5142 15.000
67.5309 10.000
67.5476 15.000
67.5643 9.000
67.5810 9.000
67.5977 13.000
67.6144 16.000
67.6311 11.000
67.6478 16.000
67.6645 14.000
67.6812 10.000
67.6979 18.000
67.7146 10.000
67.7313 17.000
67.7480 13.000
67.7647 10.000
67.7814 8.000
67.7981 12.000
67.8148 8.000
67.8315 10.000
67.8482 11.000
67.8649 18.000
67.8816 11.000
67.8983 13.000
67.9150 18.000
67.9317 9.000
67.9484 9.000
67.9651 18.000
67.9818 19.000
67.9985 17.000
68.0152 17.000
68.0319 22.000
68.0486 13.000
68.0654 21.000
68.0821 15.000
68.0988 23.000
68.1155 17.000
68.1322 33.000
68.1489 22.000
68.1656 36.000
68.1823 29.000
68.1990 46.000
68.2157 50.000
68.2324 68.000
68.2491 83.000
68.2658 67.000
68.2825 77.000
68.2992 71.000
68.3159 71.000
68.3326 80.000
68.3493 67.000
68.3660 61.000
68.3827 44.000
68.3994 51.000
68.4161 45.000
68.4328 57.000
68.4495 51.000
68.4662 39.000
68.4829 53.000
68.4996 45.000
68.5163 57.000
68.5330 36.000
68.5497 44.000
68.5664 39.000
68.5831 29.000
68.5998 10.000
68.6165 25.000
68.6332 25.000
68.6499 15.000
68.6666 22.000
68.6833 10.000
68.7000 11.000
68.7167 28.000
68.7335 17.000
68.7502 11.000
68.7669 16.000
68.7836 10.000
68.8003 12.000
68.8170 7.000
68.8337 11.000
68.8504 13.000
68.8671 13.000
68.8838 22.000
68.9005 15.000
68.9172 10.000
68.9339 10.000
68.9506 11.000
68.9673 9.000
68.9840 12.000
69.0007 16.000
69.0174 8.000
69.0341 14.000
69.0508 12.000
69.0675 9.000
69.0842 14.000
69.1009 7.000
69.1176 11.000
69.1343 10.000
69.1510 11.000
69.1677 22.000
69.1844 12.000
69.2011 15.000
69.2178 12.000
69.2345 18.000
69.2512 8.000
69.2679 12.000
69.2846 10.000
69.3013 10.000
69.3180 7.000
69.3347 7.000
69.3514 15.000
69.3681 13.000
69.3848 13.000
69.4015 8.000
69.4182 13.000
69.4350 18.000
69.4517 10.000
69.4684 20.000
69.4851 8.000
69.5018 7.000
69.5185 7.000
69.5352 6.000
69.5519 16.000
69.5686 16.000
69.5853 9.000
69.6020 15.000
69.6187 14.000
69.6354 8.000
69.6521 9.000
69.6688 12.000
69.6855 5.000
69.7022 16.000
69.7189 11.000
69.7356 11.000
69.7523 7.000
69.7690 14.000
69.7857 16.000
69.8024 10.000
69.8191 8.000
69.8358 15.000
69.8525 14.000
69.8692 8.000
69.8859 6.000
69.9026 12.000
69.9193 14.000
69.9360 17.000
69.9527 11.000
69.9694 13.000
69.9861 12.000
70.0028 12.000
70.0195 21.000
70.0362 12.000
70.0529 4.000
70.0696 14.000
70.0863 19.000
70.1030 12.000
70.1197 13.000
70.1364 13.000
70.1532 14.000
70.1699 12.000
70.1866 11.000
70.2033 15.000
70.2200 7.000
70.2367 17.000
70.2534 15.000
70.2701 9.000
70.2868 5.000
70.3035 13.000
70.3202 22.000
70.3369 12.000
70.3536 19.000
70.3703 17.000
70.3870 11.000
70.4037 13.000
70.4204 10.000
70.4371 11.000
70.4538 12.000
70.4705 8.000
70.4872 10.000
70.5039 11.000
70.5206 16.000
70.5373 14.000
70.5540 12.000
70.5707 13.000
70.5874 15.000
70.6041 7.000
70.6208 4.000
70.6375 22.000
70.6542 11.000
70.6709 9.000
70.6876 11.000
70.7043 9.000
70.7210 12.000
70.7377 9.000
70.7544 11.000
70.7711 7.000
70.7878 13.000
70.8045 11.000
70.8212 13.000
70.8379 11.000
70.8546 10.000
70.8713 13.000
70.8880 12.000
70.9048 12.000
70.9215 10.000
70.9382 9.000
70.9549 9.000
70.9716 11.000
70.9883 13.000
71.0050 13.000
71.0217 17.000
71.0384 16.000
71.0551 11.000
71.0718 8.000
71.0885 10.000
71.1052 21.000
71.1219 12.000
71.1386 13.000
71.1553 9.000
71.1720 17.000
71.1887 13.000
71.2054 11.000
71.2221 6.000
71.2388 12.000
71.2555 8.000
71.2722 12.000
71.2889 7.000
71.3056 13.000
71.3223 10.000
71.3390 11.000
71.3557 15.000
71.3724 12.000
71.3891 18.000
71.4058 13.000
71.4225 16.000
71.4392 10.000
71.4559 17.000
71.4726 15.000
71.4893 14.000
71.5060 10.000
71.5227 16.000
71.5394 13.000
71.5561 11.000
71.5728 9.000
71.5895 17.000
71.6062 7.000
71.6229 8.000
71.6396 12.000
71.6563 11.000
71.6731 17.000
71.6898 11.000
71.7065 13.000
71.7232 9.000
71.7399 15.000
71.7566 13.000
71.7733 11.000
71.7900 19.000
71.8067 19.000
71.8234 15.000
71.8401 11.000
71.8568 18.000
71.8735 15.000
71.8902 9.000
71.9069 16.000
71.9236 8.000
71.9403 15.000
71.9570 6.000
71.9737 15.000
71.9904 13.000
72.0071 12.000
72.0238 12.000
72.0405 8.000
72.0572 15.000
72.0739 7.000
72.0906 10.000
72.1073 12.000
72.1240 14.000
72.1407 7.000
72.1574 7.000
72.1741 10.000
72.1908 15.000
72.2075 10.000
72.2242 12.000
72.2409 17.000
72.2576 13.000
72.2743 11.000
72.2910 14.000
72.3077 14.000
72.3244 17.000
72.3411 11.000
72.3578 9.000
72.3745 11.000
72.3912 14.000
72.4079 9.000
72.4246 12.000
72.4413 8.000
72.4580 6.000
72.4747 11.000
72.4915 19.000
72.5082 11.000
72.5249 10.000
72.5416 16.000
72.5583 17.000
72.5750 7.000
72.5917 13.000
72.6084 14.000
72.6251 15.000
72.6418 7.000
72.6585 8.000
72.6752 7.000
72.6919 14.000
72.7086 9.000
72.7253 9.000
72.7420 18.000
72.7587 11.000
72.7754 5.000
72.7921 7.000
72.8088 11.000
72.8255 12.000
72.8422 12.000
72.8589 11.000
72.8756 11.000
72.8923 12.000
72.9090 10.000
72.9257 12.000
72.9424 18.000
72.9591 16.000
72.9758 12.000
72.9925 14.000
73.0092 11.000
73.0259 7.000
73.0426 13.000
73.0593 19.000
73.0760 18.000
73.0927 11.000
73.1094 9.000
73.1261 12.000
73.1428 13.000
73.1595 19.000
73.1762 15.000
73.1929 15.000
73.2096 13.000
73.2263 9.000
73.2430 10.000
73.2597 14.000
73.2764 17.000
73.2931 10.000
73.3098 9.000
73.3266 14.000
73.3433 8.000
73.3600 14.000
73.3767 12.000
73.3934 13.000
73.4101 8.000
73.4268 11.000
73.4435 18.000
73.4602 15.000
73.4769 9.000
73.4936 15.000
73.5103 14.000
73.5270 9.000
73.5437 13.000
73.5604 14.000
73.5771 12.000
73.5938 10.000
73.6105 17.000
73.6272 12.000
73.6439 19.000
73.6606 11.000
73.6773 11.000
73.6940 5.000
73.7107 17.000
73.7274 13.000
73.7441 10.000
73.7608 17.000
73.7775 17.000
73.7942 18.000
73.8109 12.000
73.8276 15.000
73.8443 4.000
73.8610 19.000
73.8777 7.000
73.8944 15.000
73.9111 11.000
73.9278 11.000
73.9445 17.000
73.9612 17.000
73.9779 9.000
73.9946 10.000
74.0113 13.000
74.0280 17.000
74.0447 18.000
74.0614 14.000
74.0781 14.000
74.0948 16.000
74.1115 20.000
74.1282 35.000
74.1449 15.000
74.1616 17.000
74.1783 12.000
74.1950 15.000
74.2117 17.000
74.2285 15.000
74.2452 18.000
74.2619 11.000
74.2786 18.000
74.2953 16.000
74.3120 15.000
74.3287 12.000
74.3454 17.000
74.3621 16.000
74.3788 18.000
74.3955 22.000
74.4122 11.000
74.4289 15.000
74.4456 10.000
74.4623 23.000
74.4790 11.000
74.4957 13.000
74.5124 12.000
74.5291 17.000
74.5458 14.000
74.5625 15.000
74.5792 12.000
74.5959 6.000
74.6126 9.000
74.6293 20.000
74.6460 9.000
74.6627 10.000
74.6794 10.000
74.6961 9.000
74.7128 14.000
74.7295 18.000
74.7462 10.000
74.7629 11.000
74.7796 14.000
74.7963 12.000
74.8130 8.000
74.8297 10.000
74.8464 10.000
74.8631 13.000
74.8798 15.000
74.8965 11.000
74.9132 5.000
74.9299 12.000
74.9466 13.000
74.9633 9.000
74.9800 8.000
74.9967 7.000
75.0134 11.000
75.0301 8.000
75.0468 11.000
75.0635 7.000
75.0802 9.000
75.0969 7.000
75.1136 16.000
75.1303 12.000
75.1470 7.000
75.1638 9.000
75.1805 13.000
75.1972 12.000
75.2139 14.000
75.2306 9.000
75.2473 12.000
75.2640 9.000
75.2807 13.000
75.2974 8.000
75.3141 14.000
75.3308 17.000
75.3475 12.000
75.3642 11.000
75.3809 12.000
75.3976 10.000
75.4143 12.000
75.4310 8.000
75.4477 7.000
75.4644 12.000
75.4811 11.000
75.4978 12.000
75.5145 12.000
75.5312 15.000
75.5479 16.000
75.5646 6.000
75.5813 13.000
75.5980 19.000
75.6147 12.000
75.6314 11.000
75.6481 5.000
75.6648 17.000
75.6815 7.000
75.6982 13.000
75.7149 11.000
75.7316 11.000
75.7483 15.000
75.7650 10.000
75.7817 9.000
75.7984 15.000
75.8151 8.000
75.8318 10.000
75.8485 12.000
75.8652 14.000
75.8819 6.000
75.8986 11.000
75.9153 15.000
75.9320 19.000
75.9487 14.000
75.9654 7.000
75.9821 10.000
75.9988 8.000
76.0155 8.000
76.0322 16.000
76.0489 5.000
76.0656 12.000
76.0823 18.000
76.0990 9.000
76.1157 16.000
76.1324 9.000
76.1491 11.000
76.1659 13.000
76.1826 14.000
76.1993 14.000
76.2160 13.000
76.2327 15.000
76.2494 17.000
76.2661 4.000
76.2828 20.000
76.2995 12.000
76.3162 20.000
76.3329 13.000
76.3496 13.000
76.3663 11.000
76.3830 14.000
76.3997 14.000
76.4164 19.000
76.4331 16.000
76.4498 10.000
76.4665 16.000
76.4832 12.000
76.4999 13.000
76.5166 10.000
76.5333 15.000
76.5500 15.000
76.5667 12.000
76.5834 11.000
76.6001 7.000
76.6168 16.000
76.6335 14.000
76.6502 12.000
76.6669 13.000
76.6836 11.000
76.7003 12.000
76.7170 10.000
76.7337 8.000
76.7504 16.000
76.7671 18.000
76.7838 11.000
76.8005 11.000
76.8172 13.000
76.8339 15.000
76.8506 11.000
76.8673 10.000
76.8840 9.000
76.9007 14.000
76.9174 21.000
76.9341 21.000
76.9508 34.000
76.9675 26.000
76.9842 20.000
77.0009 31.000
77.0176 31.000
77.0343 31.000
77.0510 28.000
77.0677 34.000
77.0844 35.000
77.1011 21.000
77.1178 26.000
77.1345 43.000
77.1512 27.000
77.1679 27.000
77.1846 23.000
77.2013 30.000
77.2180 25.000
77.2348 41.000
77.2515 34.000
77.2682 41.000
77.2849 32.000
77.3016 28.000
77.3183 30.000
77.3350 22.000
77.3517 29.000
77.3684 21.000
77.3851 14.000
77.4018 26.000
77.4185 19.000
77.4352 19.000
77.4519 20.000
77.4686 21.000
77.4853 17.000
77.5020 19.000
77.5187 17.000
77.5354 27.000
77.5521 20.000
77.5688 12.000
77.5855 15.000
77.6022 17.000
77.6189 20.000
77.6356 20.000
77.6523 25.000
77.6690 19.000
77.6857 20.000
77.7024 16.000
77.7191 21.000
77.7358 17.000
77.7525 30.000
77.7692 27.000
77.7859 33.000
77.8026 30.000
77.8193 27.000
77.8360 37.000
77.8527 34.000
77.8694 27.000
77.8861 39.000
77.9028 29.000
77.9195 20.000
77.9362 23.000
77.9529 31.000
77.9696 20.000
77.9863 26.000
78.0030 18.000
78.0197 33.000
78.0364 29.000
78.0531 29.000
78.0698 29.000
78.0865 20.000
78.1032 23.000
78.1199 23.000
78.1366 21.000
78.1533 15.000
78.1700 14.000
78.1867 26.000
78.2034 20.000
78.2201 14.000
78.2368 22.000
78.2535 21.000
78.2702 10.000
78.2869 17.000
78.3036 29.000
78.3203 20.000
78.3370 16.000
78.3537 18.000
78.3704 15.000
78.3871 17.000
78.4039 15.000
78.4206 13.000
78.4373 23.000
78.4540 15.000
78.4707 12.000
78.4874 15.000
78.5041 12.000
78.5208 15.000
78.5375 13.000
78.5542 13.000
78.5709 4.000
78.5876 15.000
78.6043 17.000
78.6210 13.000
78.6377 13.000
78.6544 16.000
78.6711 15.000
78.6878 7.000
78.7045 12.000
78.7212 12.000
78.7379 11.000
78.7546 5.000
78.7713 14.000
78.7880 11.000
78.8047 21.000
78.8214 11.000
78.8381 17.000
78.8548 11.000
78.8715 15.000
78.8882 12.000
78.9049 14.000
78.9216 10.000
78.9383 13.000
78.9550 15.000
78.9717 9.000
78.9884 8.000
79.0051 16.000
79.0218 16.000
79.0385 7.000
79.0552 7.000
79.0719 15.000
79.0886 9.000
79.1053 8.000
79.1220 11.000
79.1387 16.000
79.1554 18.000
79.1721 13.000
79.1888 11.000
79.2055 16.000
79.2222 4.000
79.2389 8.000
79.2556 19.000
79.2723 7.000
79.2890 7.000
79.3057 14.000
79.3224 9.000
79.3391 11.000
79.3558 9.000
79.3725 14.000
79.3892 13.000
79.4059 11.000
79.4226 10.000
79.4393 11.000
79.4560 16.000
79.4727 13.000
79.4894 10.000
79.5061 9.000
79.5228 11.000
79.5395 12.000
79.5562 8.000
79.5729 10.000
79.5896 5.000
79.6063 16.000
79.6230 16.000
79.6397 19.000
79.6564 11.000
79.6732 12.000
79.6899 7.000
79.7066 14.000
79.7233 16.000
79.7400 16.000
79.7567 5.000
79.7734 8.000
79.7901 18.000
79.8068 11.000
79.8235 11.000
79.8402 8.000
79.8569 12.000
79.8736 16.000
79.8903 15.000
79.9070 13.000
79.9237 16.000
79.9404 15.000
79.9571 7.000
79.9738 4.000
79.9905 9.000
80.0072 9.000
80.0239 10.000
80.0406 5.000
80.0573 6.000
80.0740 12.000
